--------------------------------------------------
o")~   Snort++ 3.9.0.0
--------------------------------------------------
Loading config/snort.lua:
Loading snort_defaults.lua:
Finished snort_defaults.lua:
	imap
	ips
	classifications
	references
	file_id
	http2_inspect
	ftp_data
	dce_tcp
	s7commplus
	rpc_decode
	trace
	alert_json
	profiler
	active
	alerts
	daq
	decode
	host_cache
	host_tracker
	hosts
	network
	packets
	process
	search_engine
	stream
	stream_ip
	stream_icmp
	stream_tcp
	stream_udp
	stream_user
	stream_file
	arp_spoof
	back_orifice
	dns
	netflow
	normalizer
	pop
	sip
	ssh
	ssl
	telnet
	cip
	dnp3
	iec104
	mms
	modbus
	dce_smb
	dce_udp
	dce_http_proxy
	dce_http_server
	gtp_inspect
	port_scan
	smtp
	ftp_server
	output
	ftp_client
	http_inspect
	file_policy
	js_norm
	appid
	wizard
	binder
	so_proxy
Finished config/snort.lua:
Loading file_id.rules_file:
Loading file_magic.rules:
Finished file_magic.rules:
Finished file_id.rules_file:
Loading ips.rules:
Loading all.rules:
Finished all.rules:
Finished ips.rules:
--------------------------------------------------
pcre counts
               pcre_rules: 12430
              pcre_native: 12430
--------------------------------------------------
ips policies rule stats
              id  loaded  shared enabled    file
               0   47313       0   47313    config/snort.lua
--------------------------------------------------
rule counts
       total rules loaded: 47313
               text rules: 47313
            option chains: 47313
            chain headers: 10297
                 flowbits: 718
     flowbits not checked: 69
--------------------------------------------------
port rule counts
             tcp     udp    icmp      ip
     any    1851     395     475     300
     src    1253     163       0       0
     dst    5380    1018       0       0
    both     113      54       0       0
   total    8597    1630     475     300
--------------------------------------------------
service rule counts          to-srv  to-cli
                      bgp:        5       1
                   dcerpc:     1766    1226
                     dhcp:       37      10
                     dnp3:        0       6
                      dns:      278     123
                     drda:        5       0
                     file:     1100    1115
                  file_id:      219     219
                      ftp:      199      24
                 ftp-data:     1184   11090
                   gopher:        0       1
                     http:    16023   14586
                    http2:    16025   14586
                    http3:    16023   14586
                    ident:        1       0
                     igmp:        1       1
                     imap:     1233   11344
                      ipp:        0       1
                      irc:       40      14
                     ircd:        9       3
                 java_rmi:       55       3
                 kerberos:       37       6
                     ldap:       49       9
                      ldp:        1       0
                   modbus:       34      10
                    mysql:       66       7
              netbios-dgm:       12      11
               netbios-ns:       15       5
              netbios-ssn:     1655    1206
                     nntp:        2       2
                      ntp:       37       7
                  openvpn:       16      16
                     pop3:     1190   11347
               postgresql:       10       0
                  printer:        6       1
                   radius:        3       2
                      rdp:       10      20
                     rtmp:        1       4
                      rtp:        1       1
                     rtsp:       17       2
                      sip:      340      44
                     smtp:    10265    1142
                     snmp:       49      10
                     ssdp:       13       0
                      ssh:       15       6
                      ssl:      210     230
                   sunrpc:      130       9
                   syslog:        4       0
                 teamview:        1       2
                   telnet:       63      15
                     tftp:       14       9
                      vnc:        1       1
               vnc-server:       12      10
                     wins:        3       0
                    total:    68485   83073
--------------------------------------------------
fast pattern groups
                      src: 510
                      dst: 1646
                      any: 8
                to_server: 130
                to_client: 101
--------------------------------------------------
search engine (ac_bnfa)
                instances: 1314
                 patterns: 168053
            pattern chars: 4188058
               num states: 3235036
         num match states: 443861
             memory scale: MB
             total memory: 103.157
           pattern memory: 10.4035
        match list memory: 54.3263
        transition memory: 38.2672
        fast pattern only: 109785
appid: MaxRss diff: 193816
appid: patterns loaded: 11537
--------------------------------------------------
pcap DAQ configured to passive.
Commencing packet processing
++ [0] enp11s0
{ "timestamp" : "03/24-15:00:07.076910", "pkt_num" : 40, "proto" : "ICMP", "pkt_gen" : "raw", "pkt_len" : 60, "dir" : "C2S", "src_ap" : "192.168.1.159:0", "dst_ap" : "192.168.1.175:0", "rule" : "1:29456:3", "action" : "would_block" }
{ "timestamp" : "03/24-15:00:07.076920", "pkt_num" : 41, "proto" : "ICMP", "pkt_gen" : "raw", "pkt_len" : 60, "dir" : "S2C", "src_ap" : "192.168.1.175:0", "dst_ap" : "192.168.1.159:0", "rule" : "1:31767:2", "action" : "would_block" }
{ "timestamp" : "03/24-15:00:08.079324", "pkt_num" : 43, "proto" : "ICMP", "pkt_gen" : "raw", "pkt_len" : 60, "dir" : "C2S", "src_ap" : "192.168.1.159:0", "dst_ap" : "192.168.1.175:0", "rule" : "1:29456:3", "action" : "would_block" }
{ "timestamp" : "03/24-15:00:08.079333", "pkt_num" : 44, "proto" : "ICMP", "pkt_gen" : "raw", "pkt_len" : 60, "dir" : "S2C", "src_ap" : "192.168.1.175:0", "dst_ap" : "192.168.1.159:0", "rule" : "1:31767:2", "action" : "would_block" }
{ "timestamp" : "03/24-15:00:09.091197", "pkt_num" : 95, "proto" : "ICMP", "pkt_gen" : "raw", "pkt_len" : 60, "dir" : "C2S", "src_ap" : "192.168.1.159:0", "dst_ap" : "192.168.1.175:0", "rule" : "1:29456:3", "action" : "would_block" }
{ "timestamp" : "03/24-15:00:09.091205", "pkt_num" : 96, "proto" : "ICMP", "pkt_gen" : "raw", "pkt_len" : 60, "dir" : "S2C", "src_ap" : "192.168.1.175:0", "dst_ap" : "192.168.1.159:0", "rule" : "1:31767:2", "action" : "would_block" }
{ "timestamp" : "03/24-15:00:10.098323", "pkt_num" : 167, "proto" : "ICMP", "pkt_gen" : "raw", "pkt_len" : 60, "dir" : "C2S", "src_ap" : "192.168.1.159:0", "dst_ap" : "192.168.1.175:0", "rule" : "1:29456:3", "action" : "would_block" }
{ "timestamp" : "03/24-15:00:10.098333", "pkt_num" : 168, "proto" : "ICMP", "pkt_gen" : "raw", "pkt_len" : 60, "dir" : "S2C", "src_ap" : "192.168.1.175:0", "dst_ap" : "192.168.1.159:0", "rule" : "1:31767:2", "action" : "would_block" }
{ "timestamp" : "03/24-15:00:12.378891", "pkt_num" : 195, "proto" : "ICMP", "pkt_gen" : "raw", "pkt_len" : 60, "dir" : "C2S", "src_ap" : "192.168.1.159:0", "dst_ap" : "192.168.1.175:0", "rule" : "1:29456:3", "action" : "would_block" }
{ "timestamp" : "03/24-15:00:12.378900", "pkt_num" : 196, "proto" : "ICMP", "pkt_gen" : "raw", "pkt_len" : 60, "dir" : "S2C", "src_ap" : "192.168.1.175:0", "dst_ap" : "192.168.1.159:0", "rule" : "1:31767:2", "action" : "would_block" }
{ "timestamp" : "03/24-15:00:13.391589", "pkt_num" : 211, "proto" : "ICMP", "pkt_gen" : "raw", "pkt_len" : 60, "dir" : "C2S", "src_ap" : "192.168.1.159:0", "dst_ap" : "192.168.1.175:0", "rule" : "1:29456:3", "action" : "would_block" }
{ "timestamp" : "03/24-15:00:13.391596", "pkt_num" : 212, "proto" : "ICMP", "pkt_gen" : "raw", "pkt_len" : 60, "dir" : "S2C", "src_ap" : "192.168.1.175:0", "dst_ap" : "192.168.1.159:0", "rule" : "1:31767:2", "action" : "would_block" }
{ "timestamp" : "03/24-15:00:14.399264", "pkt_num" : 220, "proto" : "ICMP", "pkt_gen" : "raw", "pkt_len" : 60, "dir" : "C2S", "src_ap" : "192.168.1.159:0", "dst_ap" : "192.168.1.175:0", "rule" : "1:29456:3", "action" : "would_block" }
{ "timestamp" : "03/24-15:00:14.399272", "pkt_num" : 221, "proto" : "ICMP", "pkt_gen" : "raw", "pkt_len" : 60, "dir" : "S2C", "src_ap" : "192.168.1.175:0", "dst_ap" : "192.168.1.159:0", "rule" : "1:31767:2", "action" : "would_block" }
{ "timestamp" : "03/24-15:00:15.408101", "pkt_num" : 225, "proto" : "ICMP", "pkt_gen" : "raw", "pkt_len" : 60, "dir" : "C2S", "src_ap" : "192.168.1.159:0", "dst_ap" : "192.168.1.175:0", "rule" : "1:29456:3", "action" : "would_block" }
{ "timestamp" : "03/24-15:00:15.408108", "pkt_num" : 226, "proto" : "ICMP", "pkt_gen" : "raw", "pkt_len" : 60, "dir" : "S2C", "src_ap" : "192.168.1.175:0", "dst_ap" : "192.168.1.159:0", "rule" : "1:31767:2", "action" : "would_block" }
{ "timestamp" : "03/24-15:00:22.326203", "pkt_num" : 266, "proto" : "UDP", "pkt_gen" : "raw", "pkt_len" : 319, "dir" : "C2S", "src_ap" : "192.168.1.126:68", "dst_ap" : "255.255.255.255:67", "rule" : "1:46533:2", "action" : "would_block" }
{ "timestamp" : "03/24-15:01:04.766483", "pkt_num" : 581, "proto" : "IP", "pkt_gen" : "raw", "pkt_len" : 32, "dir" : "C2S", "src_ap" : "192.168.1.10:0", "dst_ap" : "224.0.0.251:0", "rule" : "1:51037:1", "action" : "allow" }
{ "timestamp" : "03/24-15:01:04.766508", "pkt_num" : 582, "proto" : "IP", "pkt_gen" : "raw", "pkt_len" : 32, "dir" : "C2S", "src_ap" : "192.168.1.10:0", "dst_ap" : "224.0.0.251:0", "rule" : "1:51037:1", "action" : "allow" }
** caught int signal
== stopping
** caught int signal
== stopping
-- [0] enp11s0
--------------------------------------------------
Packet Statistics
--------------------------------------------------
daq
                 received: 1333
                 analyzed: 1333
                    allow: 1333
                 rx_bytes: 326502
--------------------------------------------------
codec
                    total: 1333        	(100.000%)
                    other: 20          	(  1.500%)
                 discards: 110         	(  8.252%)
                      arp: 89          	(  6.677%)
                      eth: 1333        	(100.000%)
                    icmp4: 16          	(  1.200%)
                     igmp: 4           	(  0.300%)
                     ipv4: 1220        	( 91.523%)
                     ipv6: 4           	(  0.300%)
                      tcp: 1032        	( 77.419%)
                      udp: 62          	(  4.651%)
--------------------------------------------------
Module Statistics
--------------------------------------------------
ac_bnfa
                 searches: 1965
                  matches: 5423
                    bytes: 328446
--------------------------------------------------
ac_full
                 searches: 30
                  matches: 583
                    bytes: 2456
--------------------------------------------------
appid
                  packets: 1114
        processed_packets: 1110
          ignored_packets: 4
           total_sessions: 24
       service_cache_adds: 11
             bytes_in_use: 1848
             items_in_use: 11
--------------------------------------------------
arp_spoof
                  packets: 89
--------------------------------------------------
back_orifice
                  packets: 62
--------------------------------------------------
binder
              raw_packets: 223
                new_flows: 22
                 no_match: 5
                 inspects: 245
--------------------------------------------------
detection
                 analyzed: 1333
               hard_evals: 1302
             raw_searches: 1589
          cooked_searches: 376
             pkt_searches: 1965
                   alerts: 19
             total_alerts: 19
                   logged: 19
--------------------------------------------------
ips_actions
                    alert: 2
                    block: 17
--------------------------------------------------
port_scan
                  packets: 1114
                 trackers: 23
--------------------------------------------------
search_engine
               max_queued: 132
            total_flushed: 3568
            total_inserts: 5423
             total_unique: 3568
     non_qualified_events: 4843
         qualified_events: 27
--------------------------------------------------
stream
                    flows: 22
--------------------------------------------------
stream_icmp
                 sessions: 1
                      max: 1
                  created: 1
                 released: 1
--------------------------------------------------
stream_ip
                 sessions: 3
                      max: 3
                  created: 3
                 released: 3
              total_bytes: 32
--------------------------------------------------
stream_tcp
                 sessions: 3
                      max: 3
                  created: 3
                 released: 3
             instantiated: 3
                   setups: 3
            data_trackers: 3
              segs_queued: 727
            segs_released: 727
                segs_used: 726
          rebuilt_packets: 188
          rebuilt_buffers: 3
            rebuilt_bytes: 72696
                     gaps: 7
          client_cleanups: 2
          server_cleanups: 3
        partial_fallbacks: 2
                 max_segs: 110
                max_bytes: 4572
--------------------------------------------------
stream_udp
                 sessions: 15
                      max: 15
                  created: 17
                 released: 17
                 timeouts: 2
              total_bytes: 11704
--------------------------------------------------
wizard
                tcp_scans: 312
                udp_scans: 15
               udp_misses: 15
--------------------------------------------------
Appid Statistics
--------------------------------------------------
detected apps and services
              Application: Services   Clients    Users      Payloads   Misc       Referred  
               netbios-ns: 1          1          0          0          0          0         
                     mdns: 5          0          0          0          0          0         
                     icmp: 1          0          0          0          0          0         
                     igmp: 3          0          0          0          0          0         
                  unknown: 4          0          0          0          0          0         
--------------------------------------------------
Summary Statistics
--------------------------------------------------
process
                  signals: 2
--------------------------------------------------
timing
                  runtime: 00:01:40
                  seconds: 100.238982
                 pkts/sec: 13
--------------------------------------------------
module profile (all, sorted by total_time)
#                      module layer               checks             time(us)            avg/check  %/caller  %/total
=                      ====== =====               ======             ========            =========  ========  =======
 1                        daq     1                 1361            100146036                73582     99.94    99.94
 2                      appid     1                 1115               536351                  481      0.54     0.54
 3                  rule_eval     1                 1302                 6431                    4      0.01     0.01
 4                       mpse     1                 3965                 6182                    1      0.01     0.01
 5                    ac_bnfa     1                 1965                 4727                    2      0.00     0.00
 6                 stream_tcp     1                 1028                 4065                    3      0.00     0.00
 7                     decode     1                 1333                  951                    0      0.00     0.00
 8                     stream     1                 1114                  727                    0      0.00     0.00
 9                        paf     1                  726                  263                    0      0.00     0.00
 10                    eventq     1                 1737                  260                    0      0.00     0.00
 11                    wizard     1                  327                  197                    0      0.00     0.00
 12                 port_scan     1                 1114                  181                    0      0.00     0.00
 13                    binder     1                  245                  166                    0      0.00     0.00
 14                normalizer     1                 1114                  121                    0      0.00     0.00
 15                stream_udp     1                   62                   56                    0      0.00     0.00
 16                 arp_spoof     1                   89                   15                    0      0.00     0.00
 17              back_orifice     1                   62                    9                    0      0.00     0.00
 18                 stream_ip     1                    4                    0                    0      0.00     0.00
 19                     other     1                 1333                    0                    0      0.00     0.00
--                      total    --                 1333            100208194                75174        --   100.50
--------------------------------------------------
rule profile (all, sorted by total_time)
#       gid   sid rev    checks matches alerts time (us) avg/check avg/match avg/non-match timeouts suspends rule_time (%)
=       ===   === ===    ====== ======= ====== ========= ========= ========= ============= ======== ======== =============
1         1 51066   1      1220       0      0      1219         0         0             0        0        0       0.00122
2         1   630  11      1220       0      0      1200         0         0             0        0        0       0.00120
3         1   622  12      1220       0      0      1197         0         0             0        0        0       0.00119
4         1 51065   1      1220       0      0      1196         0         0             0        0        0       0.00119
5         1 24378   4      1220       0      0      1196         0         0             0        0        0       0.00119
6         1 31814   4      1220       0      0       440         0         0             0        0        0       0.00044
7         1 29456   3        16       8      8       396        24        49             0        0        0       0.00040
8         1 16294  15      1220       0      0       336         0         0             0        0        0       0.00034
9         1 31767   2        16       8      8       289        18        35             0        0        0       0.00029
10        1   384   8        16       8      0       242        15        30             0        0        0       0.00024
11        1 40063   5      1220       0      0       228         0         0             0        0        0       0.00023
12        1   408   8        16       8      0       227        14        28             0        0        0       0.00023
13        1   453   8        16       0      0       196        12         0             0        0        0       0.00020
14        1   386   8        16       0      0       196        12         0             0        0        0       0.00020
15        1   423   8        16       0      0       196        12         0             0        0        0       0.00020
16        1   415   8        16       0      0       196        12         0             0        0        0       0.00020
17        1   413   8        16       0      0       196        12         0             0        0        0       0.00020
18        1   462  12        16       0      0       196        12         0             0        0        0       0.00020
19        1 36650   2        16       0      0       196        12         0             0        0        0       0.00020
20        1   449   9        16       0      0       196        12         0             0        0        0       0.00020
21        1   411   8        16       0      0       196        12         0             0        0        0       0.00020
22        1   388   8        16       0      0       196        12         0             0        0        0       0.00020
23        1   390   8        16       0      0       196        12         0             0        0        0       0.00020
24        1   443   9        16       0      0       196        12         0             0        0        0       0.00020
25        1   419   8        16       0      0       196        12         0             0        0        0       0.00020
26        1   392   8        16       0      0       196        12         0             0        0        0       0.00020
27        1   427   9        16       0      0       196        12         0             0        0        0       0.00020
28        1   421   8        16       0      0       196        12         0             0        0        0       0.00020
29        1 18473   4        16       0      0       196        12         0             0        0        0       0.00020
30        1   417   8        16       0      0       196        12         0             0        0        0       0.00020
31        1   439   9        16       0      0       196        12         0             0        0        0       0.00020
32        1   458  12        16       0      0       196        12         0             0        0        0       0.00020
33        1   401   9        16       0      0       196        12         0             0        0        0       0.00020
34        1   460  12        16       0      0       196        12         0             0        0        0       0.00020
35        1   429   9        16       0      0       196        12         0             0        0        0       0.00020
36        1 18474   4        16       0      0       196        12         0             0        0        0       0.00020
37        1 36651   2        16       0      0       196        12         0             0        0        0       0.00020
38        1   445   8        16       0      0       196        12         0             0        0        0       0.00020
39        1   441  10        16       0      0       196        12         0             0        0        0       0.00020
40        1   451   8        16       0      0       196        12         0             0        0        0       0.00020
41        1   456   8        16       0      0       196        12         0             0        0        0       0.00020
42        1   272  16      1302       0      0       146         0         0             0        0        0       0.00015
43        1 51034   1      1302       0      0       136         0         0             0        0        0       0.00014
44        1 51036   1      1302       0      0       128         0         0             0        0        0       0.00013
45        1 51035   1      1302       0      0       126         0         0             0        0        0       0.00013
46        1  2463  10      1302       0      0       110         0         0             0        0        0       0.00011
47        1  2462  10      1302       0      0       110         0         0             0        0        0       0.00011
48        1  8446   9      1302       0      0        91         0         0             0        0        0       0.00009
49        1 54383   3      1302       0      0        89         0         0             0        0        0       0.00009
50        1 17302   8      1302       0      0        86         0         0             0        0        0       0.00009
51        1  7021   9      1302       0      0        86         0         0             0        0        0       0.00009
52        1  1384  21        30       0      0        85         2         0             0        0        0       0.00008
53        1 57193   3      1302       0      0        83         0         0             0        0        0       0.00008
54        1  2464  10      1302       0      0        81         0         0             0        0        0       0.00008
55        1 44743   3        27       0      0        74         2         0             2        0        0       0.00007
56        1 20746   5      1094       0      0        64         0         0             0        0        0       0.00006
57        1 20747   5      1094       0      0        64         0         0             0        0        0       0.00006
58        1 25314   8      1110       0      0        46         0         0             0        0        0       0.00005
59        1 51037   1      1110       6      6        45         0         0             0        0        0       0.00004
60        1 13287  13      1110       0      0        45         0         0             0        0        0       0.00004
61        1 16724   7       441       0      0        40         0         0             0        0        0       0.00004
62        1 37654   2       441       0      0        40         0         0             0        0        0       0.00004
63        1 46533   2         1       1      1        39        39        39             0        0        0       0.00004
64        1 15906   8       412       0      0        37         0         0             0        0        0       0.00004
65        1   382  11        16       8      0        36         2         4             0        0        0       0.00004
66        1  4638   6       441       0      0        34         0         0             0        0        0       0.00003
67        1 23233   6         2       0      0        34        17         0            17        0        0       0.00003
68        1 23230   7         2       0      0        34        17         0            17        0        0       0.00003
69        1   466   9        16       0      0        34         2         0             2        0        0       0.00003
70        1 23231   6         3       0      0        34        11         0            11        0        0       0.00003
71        1 62626   1       384       0      0        33         0         0             0        0        0       0.00003
72        1 34802   2       382       0      0        33         0         0             0        0        0       0.00003
73        1 29457   2        16       0      0        32         2         0             2        0        0       0.00003
74        1 29454   2        16       0      0        32         2         0             2        0        0       0.00003
75        1  1388  23        30       0      0        31         1         0             1        0        0       0.00003
76        1 43752   2         2       0      0        29        14         0            14        0        0       0.00003
77        1  2039  12         6       0      0        29         4         0             2        0        0       0.00003
78        1 15907   5       341       0      0        29         0         0             0        0        0       0.00003
79        1 25617   4         9       0      0        29         3         0             3        0        0       0.00003
80        1  2329  15        30       0      0        28         0         0             0        0        0       0.00003
81        1 23232   6         1       0      0        27        27         0            27        0        0       0.00003
82        1 33017   3         1       0      0        27        27         0            27        0        0       0.00003
83        1 37365   2         1       0      0        27        27         0            27        0        0       0.00003
84        1 37367   2         1       0      0        27        27         0            27        0        0       0.00003
85        1 33016   3         1       0      0        27        27         0            27        0        0       0.00003
86        1 37366   2         1       0      0        27        27         0            27        0        0       0.00003
87        1 37364   2         1       0      0        27        27         0            27        0        0       0.00003
88        1 43573   2         6       0      0        27         4         0             2        0        0       0.00003
89        1  1939  10         6       0      0        26         4         0             2        0        0       0.00003
90        1  1940   9         6       0      0        24         4         0             2        0        0       0.00002
91        1 18935   6         1       0      0        21        21         0            21        0        0       0.00002
92        1 26479   6         6       0      0        20         3         0             3        0        0       0.00002
93        1  8056   9         2       0      0        19         9         0             9        0        0       0.00002
94        1 15302  13        77       0      0        19         0         0             0        0        0       0.00002
95        1 18997   7       279       0      0        15         0         0             0        0        0       0.00001
96        1  3626   9        16       0      0        11         0         0             0        0        0       0.00001
97        1 18655  12         4       0      0        11         2         0             2        0        0       0.00001
98        1 34937   2         5       0      0        10         2         0             2        0        0       0.00001
99        1 41534   4         6       0      0        10         1         0             1        0        0       0.00001
100       1   385   8        16       0      0         8         0         0             0        0        0       0.00001
101       1 23998   4         1       0      0         7         7         0             3        0        0       0.00001
102       1 44308   1       102       0      0         7         0         0             0        0        0       0.00001
103       1 44309   1       102       0      0         7         0         0             0        0        0       0.00001
104       1 25618   4         9       0      0         6         0         0             0        0        0       0.00001
105       1 16015   5         6       0      0         5         0         0             0        0        0       0.00000
106       1  2256  12         2       0      0         4         2         0             2        0        0       0.00000
107       1 62401   1         1       0      0         4         4         0             4        0        0       0.00000
108       1 17317  11         2       0      0         4         2         0             2        0        0       0.00000
109       1 41524   4         4       0      0         3         0         0             0        0        0       0.00000
110       1 25612   4         3       0      0         3         1         0             1        0        0       0.00000
111       1 28003   3         3       0      0         3         1         0             1        0        0       0.00000
112       1  2564   8         6       0      0         3         0         0             0        0        0       0.00000
113       1 12357   6        30       0      0         3         0         0             0        0        0       0.00000
114       1   224  10        16       0      0         3         0         0             0        0        0       0.00000
115       1 40061   1         2       0      0         3         1         0             1        0        0       0.00000
116       1  2563   8         6       0      0         3         0         0             0        0        0       0.00000
117       1   228  11        16       0      0         2         0         0             0        0        0       0.00000
118       1 44716   2         2       0      0         2         1         0             1        0        0       0.00000
119       1 44720   2         2       0      0         2         1         0             1        0        0       0.00000
120       1   407  10        16       0      0         2         0         0             0        0        0       0.00000
121       1   395   9        16       0      0         2         0         0             0        0        0       0.00000
122       1   438  13        16       0      0         2         0         0             0        0        0       0.00000
123       1   433  11        16       0      0         2         0         0             0        0        0       0.00000
124       1   410   8        16       0      0         2         0         0             0        0        0       0.00000
125       1   430   9        16       0      0         2         0         0             0        0        0       0.00000
126       1   399   9        16       0      0         2         0         0             0        0        0       0.00000
127       1   426  10        16       0      0         2         0         0             0        0        0       0.00000
128       1 24294   3        16       0      0         2         0         0             0        0        0       0.00000
129       1   381  11        16       0      0         2         0         0             0        0        0       0.00000
130       1   375  10        16       0      0         2         0         0             0        0        0       0.00000
131       1 51333   1         2       0      0         2         1         0             1        0        0       0.00000
132       1   251  11        16       0      0         2         0         0             0        0        0       0.00000
133       1 24297   3        16       0      0         2         0         0             0        0        0       0.00000
134       1   396  12        16       0      0         2         0         0             0        0        0       0.00000
135       1 24298   3        16       0      0         2         0         0             0        0        0       0.00000
136       1 28292   2        16       0      0         2         0         0             0        0        0       0.00000
137       1   400  10        16       0      0         2         0         0             0        0        0       0.00000
138       1 23178   9        16       0      0         2         0         0             0        0        0       0.00000
139       1   461  12        16       0      0         2         0         0             0        0        0       0.00000
140       1  8730   6        16       0      0         2         0         0             0        0        0       0.00000
141       1   459  12        16       0      0         2         0         0             0        0        0       0.00000
142       1   414  10        16       0      0         2         0         0             0        0        0       0.00000
143       1   452  10        16       0      0         2         0         0             0        0        0       0.00000
144       1   457  10        16       0      0         2         0         0             0        0        0       0.00000
145       1   393  11        16       0      0         2         0         0             0        0        0       0.00000
146       1   440  10        16       0      0         2         0         0             0        0        0       0.00000
147       1   454  10        16       0      0         2         0         0             0        0        0       0.00000
148       1   365  11        16       0      0         2         0         0             0        0        0       0.00000
149       1   448  10        16       0      0         2         0         0             0        0        0       0.00000
150       1   420  10        16       0      0         2         0         0             0        0        0       0.00000
151       1   446  10        16       0      0         2         0         0             0        0        0       0.00000
152       1   412  10        16       0      0         2         0         0             0        0        0       0.00000
153       1   409  10        16       0      0         2         0         0             0        0        0       0.00000
154       1   416  10        16       0      0         2         0         0             0        0        0       0.00000
155       1   389  10        16       0      0         2         0         0             0        0        0       0.00000
156       1   387  10        16       0      0         2         0         0             0        0        0       0.00000
157       1   424  10        16       0      0         2         0         0             0        0        0       0.00000
158       1   422  10        16       0      0         2         0         0             0        0        0       0.00000
159       1   391  11        16       0      0         2         0         0             0        0        0       0.00000
160       1   418  10        16       0      0         2         0         0             0        0        0       0.00000
161       1 24301   5        16       0      0         2         0         0             0        0        0       0.00000
162       1   394   9        16       0      0         2         0         0             0        0        0       0.00000
163       1 24303   7        16       0      0         2         0         0             0        0        0       0.00000
164       1 35098   3        16       0      0         2         0         0             0        0        0       0.00000
165       1 19678  10        16       0      0         2         0         0             0        0        0       0.00000
166       1 13288  15        16       0      0         2         0         0             0        0        0       0.00000
167       1   450  11        16       0      0         2         0         0             0        0        0       0.00000
168       1   432   9        16       0      0         2         0         0             0        0        0       0.00000
169       1   402  16        16       0      0         2         0         0             0        0        0       0.00000
170       1   436  10        16       0      0         2         0         0             0        0        0       0.00000
171       1 20543   7        16       0      0         2         0         0             0        0        0       0.00000
172       1   363  11        16       0      0         2         0         0             0        0        0       0.00000
173       1   463  14        16       0      0         2         0         0             0        0        0       0.00000
174       1   406   9        16       0      0         1         0         0             0        0        0       0.00000
175       1300439   1         4       0      0         1         0         0             0        0        0       0.00000
176       1   428  10        16       0      0         1         0         0             0        0        0       0.00000
177       1 30326   4         9       0      0         1         0         0             0        0        0       0.00000
178       1 25342   8         1       0      0         1         1         0             1        0        0       0.00000
179       1   403   9        16       0      0         1         0         0             0        0        0       0.00000
180       1 24302   4        16       0      0         1         0         0             0        0        0       0.00000
181       1   397   9        16       0      0         1         0         0             0        0        0       0.00000
182       1   405   9        16       0      0         1         0         0             0        0        0       0.00000
183       1   398   9        16       0      0         1         0         0             0        0        0       0.00000
184       1 20611   6         1       0      0         1         1         0             1        0        0       0.00000
185       1   404  14        16       0      0         1         0         0             0        0        0       0.00000
186       1   425   9        16       0      0         1         0         0             0        0        0       0.00000
187       1   431   9        16       0      0         1         0         0             0        0        0       0.00000
188       1   437  10        16       0      0         1         0         0             0        0        0       0.00000
189       1 16107   5         1       0      0         1         1         0             1        0        0       0.00000
190       1 43692   2         5       0      0         1         0         0             0        0        0       0.00000
191       1   364  11        16       0      0         1         0         0             0        0        0       0.00000
192       1  3196   9         6       0      0         0         0         0             0        0        0       0.00000
193       1300438   1         4       0      0         0         0         0             0        0        0       0.00000
194       1 12300   5         4       0      0         0         0         0             0        0        0       0.00000
195       1 15490  10         2       0      0         0         0         0             0        0        0       0.00000
196       1 24098   7         1       0      0         0         0         0             0        0        0       0.00000
197       1 12299   5         2       0      0         0         0         0             0        0        0       0.00000
198       1 40062   1         2       0      0         0         0         0             0        0        0       0.00000
o")~   Snort exiting
AppId Performance Statistics (top 4 appids)
===================================================================================================================================================
 AppId   App Name                   Usecs       Pkts     AvgUsecs/Pkt     Sessions     AvgUsecs/Sess     MaxPkts/Sess     MaxUsecs/Sess     %/Total
---------------------------------------------------------------------------------------------------------------------------------------------------
   754   NetBIOS-ns                    93          6               15            1                93                6                93       43.66
  1755   MDNS                         105         12                8            5                21                4                34       49.30
  3501   ICMP                           6         16                0            1                 6               16                 6        2.82
  3842   IGMP                           9          4                2            3                 3                2                 7        4.23
---------------------------------------------------------------------------------------------------------------------------------------------------
Totals(all_sessions)    :             213         38                5           10                21               16                93         100
