--------------------------------------------------
o")~   Snort++ 3.9.0.0
--------------------------------------------------
Loading config/snort.lua:
Loading snort_defaults.lua:
Finished snort_defaults.lua:
	trace
	output
	profiler
	alert_json
	ips
	classifications
	references
	binder
	file_id
	so_proxy
	process
	packets
	active
	alerts
	daq
	decode
	host_cache
	host_tracker
	hosts
	network
	search_engine
	stream_ip
	stream
	stream_icmp
	stream_tcp
	stream_udp
	stream_user
	stream_file
	arp_spoof
	back_orifice
	dns
	imap
	netflow
	normalizer
	pop
	rpc_decode
	sip
	ssh
	ssl
	telnet
	cip
	dnp3
	iec104
	mms
	modbus
	s7commplus
	dce_smb
	dce_tcp
	dce_udp
	dce_http_proxy
	dce_http_server
	gtp_inspect
	port_scan
	smtp
	ftp_server
	ftp_client
	ftp_data
	http_inspect
	http2_inspect
	file_policy
	js_norm
	wizard
Finished config/snort.lua:
Loading file_id.rules_file:
Loading file_magic.rules:
Finished file_magic.rules:
Finished file_id.rules_file:
Loading ips.rules:
Loading all.rules:
Finished all.rules:
Finished ips.rules:
--------------------------------------------------
pcre counts
               pcre_rules: 12430
              pcre_native: 12430
--------------------------------------------------
ips policies rule stats
              id  loaded  shared enabled    file
               0   47939       0   47939    config/snort.lua
--------------------------------------------------
rule counts
       total rules loaded: 47939
               text rules: 47313
            builtin rules: 626
            option chains: 47939
            chain headers: 1583
                 flowbits: 718
     flowbits not checked: 69
--------------------------------------------------
port rule counts
             tcp     udp    icmp      ip
     any    2477     395     475     300
     src    1253     163       0       0
     dst    5380    1018       0       0
    both     113      54       0       0
   total    9223    1630     475     300
--------------------------------------------------
service rule counts          to-srv  to-cli
                      bgp:        5       1
                   dcerpc:     1766    1226
                     dhcp:       37      10
                     dnp3:        0       6
                      dns:      278     123
                     drda:        5       0
                     file:     1100    1115
                  file_id:      219     219
                      ftp:      199      24
                 ftp-data:     1184   11090
                   gopher:        0       1
                     http:    16023   14586
                    http2:    16025   14586
                    http3:    16023   14586
                    ident:        1       0
                     igmp:        1       1
                     imap:     1233   11344
                      ipp:        0       1
                      irc:       40      14
                     ircd:        9       3
                 java_rmi:       55       3
                 kerberos:       37       6
                     ldap:       49       9
                      ldp:        1       0
                   modbus:       34      10
                    mysql:       66       7
              netbios-dgm:       12      11
               netbios-ns:       15       5
              netbios-ssn:     1655    1206
                     nntp:        2       2
                      ntp:       37       7
                  openvpn:       16      16
                     pop3:     1190   11347
               postgresql:       10       0
                  printer:        6       1
                   radius:        3       2
                      rdp:       10      20
                     rtmp:        1       4
                      rtp:        1       1
                     rtsp:       17       2
                      sip:      340      44
                     smtp:    10265    1142
                     snmp:       49      10
                     ssdp:       13       0
                      ssh:       15       6
                      ssl:      210     230
                   sunrpc:      130       9
                   syslog:        4       0
                 teamview:        1       2
                   telnet:       63      15
                     tftp:       14       9
                      vnc:        1       1
               vnc-server:       12      10
                     wins:        3       0
                    total:    68485   83073
--------------------------------------------------
fast pattern groups
                      src: 510
                      dst: 1646
                      any: 8
                to_server: 130
                to_client: 101
--------------------------------------------------
search engine (ac_bnfa)
                instances: 1314
                 patterns: 168053
            pattern chars: 4188058
               num states: 3235036
         num match states: 443861
             memory scale: MB
             total memory: 103.157
           pattern memory: 10.4035
        match list memory: 54.3263
        transition memory: 38.2672
        fast pattern only: 109767
--------------------------------------------------
pcap DAQ configured to read-file.
Commencing packet processing
++ [0] ../data/new_csv/malicious.pcap
-- [0] ../data/new_csv/malicious.pcap
--------------------------------------------------
Packet Statistics
--------------------------------------------------
daq
                    pcaps: 1
                 received: 2488729
                 analyzed: 2488729
                    allow: 2488729
                 rx_bytes: 1098445164
--------------------------------------------------
codec
                    total: 2488729     	(100.000%)
                 discards: 396072      	( 15.915%)
                      eth: 2488729     	(100.000%)
                     ipv4: 2488729     	(100.000%)
                      tcp: 2092657     	( 84.085%)
--------------------------------------------------
Module Statistics
--------------------------------------------------
ac_bnfa
                 searches: 1774460
                  matches: 63185239
                    bytes: 925545023
--------------------------------------------------
binder
              raw_packets: 554173
                new_flows: 114205
          service_changes: 106173
                 inspects: 668378
--------------------------------------------------
detection
                 analyzed: 2488729
               hard_evals: 5063255
             raw_searches: 713746
          cooked_searches: 199638
             pkt_searches: 913384
             pdu_searches: 774538
            file_searches: 86538
                   alerts: 876422
             total_alerts: 876422
                   logged: 876422
           cont_creations: 1156
               cont_flows: 27
               cont_evals: 1101
             cont_matches: 23
          cont_mismatches: 1078
             cont_max_num: 7
      cont_match_distance: 63740
   cont_mismatch_distance: 10422676
                buf_dumps: 448939
--------------------------------------------------
file_id
              total_files: 43268
          total_file_data: 49984361
     max_concurrent_files: 1
--------------------------------------------------
http_inspect
                    flows: 106267
                    scans: 380626
              reassembles: 358406
              inspections: 353067
                 requests: 105228
                responses: 49673
             get_requests: 104236
           other_requests: 992
           request_bodies: 992
  max_concurrent_sessions: 4628
          pipelined_flows: 5
       pipelined_requests: 8
              total_bytes: 101411916
          compressed_gzip: 360
--------------------------------------------------
ips_actions
                    alert: 876422
--------------------------------------------------
normalizer
        test_tcp_trim_win: 5085
          test_tcp_ts_nop: 1390
           test_tcp_block: 62018
--------------------------------------------------
port_scan
                  packets: 2092657
                 trackers: 5
--------------------------------------------------
search_engine
               max_queued: 2176
            total_flushed: 17655137
            total_inserts: 63185239
             total_unique: 17655137
     non_qualified_events: 22367543
         qualified_events: 350816
--------------------------------------------------
ssl
                  packets: 866
                  decoded: 866
             client_hello: 1
             server_hello: 1
              certificate: 1
              server_done: 3
      client_key_exchange: 1
      server_key_exchange: 1
            change_cipher: 2
     unrecognized_records: 862
  max_concurrent_sessions: 1
--------------------------------------------------
stream
                    flows: 114205
             total_prunes: 8735
idle_prunes_proto_timeout: 8735
       tcp_timeout_prunes: 8735
--------------------------------------------------
stream_tcp
                 sessions: 114205
                      max: 114205
                  created: 114205
                 released: 167248
                 timeouts: 10048
            stale_packets: 187
             instantiated: 110416
                   setups: 114205
                 restarts: 106173
                   resyns: 53126
         discards_skipped: 62018
          invalid_seq_num: 4397
              invalid_ack: 12
                   events: 57817
             syn_trackers: 217216
         syn_ack_trackers: 2834
            data_trackers: 324
              segs_queued: 268747
            segs_released: 268747
                segs_used: 187185
          rebuilt_packets: 377996
          rebuilt_buffers: 3736
            rebuilt_bytes: 134289773
                     gaps: 100154
          client_cleanups: 29059
          server_cleanups: 1490
             initializing: 53126
                  closing: 3273
                     syns: 211166
                 syn_acks: 172467
                   resets: 192940
                     fins: 135774
      inspector_fallbacks: 1
        partial_fallbacks: 18439
                 max_segs: 14
                max_bytes: 8735
          zero_win_probes: 104
        keep_alive_probes: 577
 flush_on_asymmetric_flow: 85
         asymmetric_flows: 6
--------------------------------------------------
wizard
                tcp_scans: 106383
                 tcp_hits: 106173
--------------------------------------------------
Summary Statistics
--------------------------------------------------
timing
                  runtime: 00:00:59
                  seconds: 59.462499
                 pkts/sec: 41854
                Mbits/sec: 148
--------------------------------------------------
module profile (all, sorted by total_time)
#                      module layer               checks             time(us)            avg/check  %/caller  %/total
=                      ====== =====               ======             ========            =========  ========  =======
 1                       mpse     1              7202389             23146202                    3     38.93    38.93
 2                    ac_bnfa     1              1774460             21568214                   12     36.27    36.27
 3                  rule_eval     1              2359020             19459042                    8     32.73    32.73
 4               http_inspect     1              1628883             17825399                   10     29.98    29.98
 5                 stream_tcp     1              1934130             15733425                    8     26.46    26.46
 6                     eventq     1              3318781              3925971                    1      6.60     6.60
 7                     stream     1              2092657              1288758                    0      2.17     2.17
 8                     decode     1              2488729              1242383                    0      2.09     2.09
 9                        daq     1              2527617               697343                    0      1.17     1.17
 10                    binder     1               774551               524677                    0      0.88     0.88
 11                   file_id     1                43268               515416                   11      0.87     0.87
 12                 port_scan     1              2092657               483293                    0      0.81     0.81
 13                       paf     1               513697               388239                    0      0.65     0.65
 14                normalizer     1              2092657               152325                    0      0.26     0.26
 15                    wizard     1               106383                39184                    0      0.07     0.07
 16                       ssl     1                  866                 1011                    1      0.00     0.00
 17                     other     1              2488729                    0                    0      0.00     0.00
--                      total    --              2488729             59460587                   23        --   179.94
--------------------------------------------------
rule profile (all, sorted by total_time)
#       gid   sid rev    checks matches alerts time (us) avg/check avg/match avg/non-match timeouts suspends rule_time (%)
=       ===   === ===    ====== ======= ====== ========= ========= ========= ============= ======== ======== =============
1         1   622  12   2162719       0      0   1579309         0         0             0        0        0       2.65597
2         1 51066   1   2162719       0      0   1544360         0         0             0        0        0       2.59720
3         1   630  11   2162719       0      0   1536712         0         0             0        0        0       2.58434
4         1 51065   1   2162719       0      0   1535918         0         0             0        0        0       2.58300
5         1 24378   4   2162719       0      0   1531481         0         0             0        0        0       2.57554
6         1 22953   5     98809   67027  67027   1067073        10        15             0        0        0       1.79453
7         1  2570  25    815510       0      0   1034938         1         0             1        0        0       1.74049
8         1 28997   2    210446       0      0    971308         4         0             4        0        0       1.63348
9         1 28522   4    210446       0      0    970552         4         0             4        0        0       1.63221
10        1 16221  12   2421732       0      0    954036         0         0             0        0        0       1.60443
11        1  8701   8    470524       0      0    951549         2         0             2        0        0       1.60025
12        1 38130   3    208462       0      0    944397         4         0             4        0        0       1.58822
13        1 21248  10    409544       0      0    929024         2         0             1        0        0       1.56237
14        1  5997  11    409544       0      0    917997         2         0             1        0        0       1.54383
15        1 50447   1    204772  210446 210446    879639         4         1             0        0        0       1.47932
16        1  7861   6    105223       0      0    844446         8         0             8        0        0       1.42013
17        1 20821   4    102386       0      0    831526         8         0             8        0        0       1.39840
18        1  7600   7    105223       0      0    816072         7         0             7        0        0       1.37241
19        1 11273   9    250713       0      0    780635         3         0             3        0        0       1.31282
20        1300003   1    104231       0      0    748570         7         0             7        0        0       1.25889
21        1   619  12   1484709       0      0    740921         0         0             0        0        0       1.24603
22        1 58185   1     84544       0      0    688140         8         0             8        0        0       1.15727
23        1 10475  15    105223       0      0    682763         6         0             6        0        0       1.14822
24        1  3550  19    211378       0      0    647388         3         0             3        0        0       1.08873
25        1 19873  14     89840       0      0    617803         6         0             6        0        0       1.03898
26        1 25329   8     89840       0      0    608508         6         0             6        0        0       1.02335
27        1 40063   5   2162719  175271 175271    587813         0         1             0        0        0       0.98854
28        1  8711  13    689980       0      0    586296         0         0             0        0        0       0.98599
29        1 50997   1   1484709       0      0    583136         0         0             0        0        0       0.98068
30        1 13644   8    105223       0      0    577991         5         0             5        0        0       0.97203
31        1 29443  16    105223       0      0    561136         5         0             5        0        0       0.94368
32        1 13926  12   2777758       0      0    550388         0         0             0        0        0       0.92561
33        1 38641   6    448625       0      0    547606         1         0             1        0        0       0.92093
34        1 51724   2    204772       0      0    535695         2         0             2        0        0       0.90090
35        1 51965   2    204476       0      0    494739         2         0             2        0        0       0.83202
36        1 38922   3    100764       0      0    493305         4         0             4        0        0       0.82961
37        1 52450   4    210446       0      0    488498         2         0             2        0        0       0.82152
38        1 25802   6    937023       0      0    478299         0         0             0        0        0       0.80437
39        1 18284   7    104231       0      0    476433         4         0             4        0        0       0.80123
40        1 38332   5    100764       0      0    475677         4         0             4        0        0       0.79996
41        1 38340   6    100764       0      0    472875         4         0             4        0        0       0.79525
42        1 38337   6    100764       0      0    451354         4         0             4        0        0       0.75906
43        1  3546   8    344990       0      0    450980         1         0             1        0        0       0.75843
44        1 18221  15     84370       0      0    448549         5         0             5        0        0       0.75434
45        1  2442  18    344990       0      0    432421         1         0             1        0        0       0.72722
46        1 18743   8    209396       0      0    420096         2         0             2        0        0       0.70649
47        1300150   1    127119       0      0    412708         3         0             3        0        0       0.69406
48        1 28955   3    105223       0      0    411487         3         0             3        0        0       0.69201
49        1300153   1    127119       0      0    405185         3         0             3        0        0       0.68141
50        1300161   1    127119       0      0    403935         3         0             3        0        0       0.67931
51        1 31371   7    454702       0      0    372227         0         0             0        0        0       0.62599
52        1300014   1    207412       0      0    371135         1         0             1        0        0       0.62415
53        1 11196  10    342726       0      0    370166         1         0             1        0        0       0.62252
54        1 31814   4   2162719       0      0    365285         0         0             0        0        0       0.61431
55        1 29186   3    102238       0      0    346355         3         0             3        0        0       0.58248
56        1 35314   3    209396       0      0    340771         1         0             1        0        0       0.57309
57        1 52991   1     99336       0      0    332225         3         0             3        0        0       0.55871
58        1 28474   6    102238       0      0    326743         3         0             3        0        0       0.54949
59        1 24350   2    210446       0      0    311357         1         0             1        0        0       0.52362
60        1 28911   3    102238       0      0    306161         2         0             2        0        0       0.51488
61        1 16294  15   2162719       0      0    304073         0         0             0        0        0       0.51137
62        1 16521   7    364366       0      0    299474         0         0             0        0        0       0.50364
63        1 12277  19     99336       0      0    297241         2         0             2        0        0       0.49988
64        1 56563   1    315669       0      0    294872         0         0             0        0        0       0.49590
65        1 59973   1    104231       0      0    294644         2         0             2        0        0       0.49551
66        1 64577   1    102238       0      0    280409         2         0             2        0        0       0.47157
67        1  1437  27     49668       0      0    272335         5         0             5        0        0       0.45799
68        1 38596   4    149364       0      0    257175         1         0             1        0        0       0.43250
69        1 11272   6    311072       0      0    253739         0         0             0        0        0       0.42672
70        1 49413   1    315669       0      0    252293         0         0             0        0        0       0.42429
71        1 43238   4    105223       0      0    250180         2         0             2        0        0       0.42074
72        1 17276  20     84548       0      0    247308         2         0             2        0        0       0.41591
73        1 59606   2    249492       0      0    227289         0         0             0        0        0       0.38224
74        1 64482   1    366928       0      0    211684         0         0             0        0        0       0.35600
75        1300052   1    103706       0      0    210560         2         0             2        0        0       0.35411
76        1 26627   4     42272       0      0    207018         4         0             4        0        0       0.34815
77        1 41379   1     99324       0      0    199968         2         0             2        0        0       0.33629
78        1300149   1     84388       0      0    196880         2         0             2        0        0       0.33110
79        1300159   1     84388       0      0    193601         2         0             2        0        0       0.32559
80        1300155   1     84388       0      0    193249         2         0             2        0        0       0.32499
81        1 39321   3    169820       0      0    192256         1         0             1        0        0       0.32332
82        1 16014  11    104698       0      0    186118         1         0             1        0        0       0.31300
83        1 38601   3     56883       0      0    186029         3         0             3        0        0       0.31285
84        1 31332   8    105223       0      0    185352         1         0             1        0        0       0.31171
85        1 57760   1    315669       0      0    184513         0         0             0        0        0       0.31030
86        1 17410  29    315669       0      0    184513         0         0             0        0        0       0.31030
87        1 18960   9    125534       0      0    174389         1         0             1        0        0       0.29328
88        1 27096   5     42272       0      0    171959         4         0             4        0        0       0.28919
89        1 38595   3     59524       0      0    171355         2         0             2        0        0       0.28817
90        1 45757   1     49662       0      0    171293         3         0             3        0        0       0.28807
91        1 51034   1   2162719       0      0    171211         0         0             0        0        0       0.28793
92        1 20584   8     49668       0      0    168413         3         0             3        0        0       0.28323
93        1   272  16   2162719       0      0    168176         0         0             0        0        0       0.28283
94        1 24706   8    450080       0      0    167666         0         0             0        0        0       0.28197
95        1 16743  11    450080       0      0    163399         0         0             0        0        0       0.27479
96        1 42306   2    179962       0      0    161409         0         0             0        0        0       0.27145
97        1 29189   5    103671       0      0    159894         1         0             1        0        0       0.26890
98        1 43332   1    103671       0      0    159306         1         0             1        0        0       0.26791
99        1 23834  10     42181       0      0    158294         3         0             3        0        0       0.26621
100       1 65020   1    103671       0      0    153351         1         0             1        0        0       0.25790
101       1 64925   1    103671       0      0    153351         1         0             1        0        0       0.25790
102       1 51035   1   2162719       0      0    153145         0         0             0        0        0       0.25755
103       1 12357   6    118546       0      0    150756         1         0             1        0        0       0.25353
104       1 51036   1   2162719       0      0    136469         0         0             0        0        0       0.22950
105       1 43587   5    104698       0      0    134630         1         0             1        0        0       0.22641
106       1 12591  12    103688       0      0    132538         1         0             1        0        0       0.22289
107       1 18528   7    137040       0      0    128719         0         0             0        0        0       0.21647
108       1 38602   3     59524       0      0    128594         2         0             2        0        0       0.21626
109       1 20620   7    137040       0      0    124695         0         0             0        0        0       0.20970
110       1 20747   5   3540885       0      0    110526         0         0             0        0        0       0.18588
111       1 20746   5   3540885       0      0    110526         0         0             0        0        0       0.18588
112       1  8446   9   2162719       0      0    109402         0         0             0        0        0       0.18398
113       1 25530   3    179239       0      0    108124         0         0             0        0        0       0.18184
114       1 38381   4    315210       0      0    105468         0         0             0        0        0       0.17737
115       1  2463  10   2162719       0      0    104137         0         0             0        0        0       0.17513
116       1  2462  10   2162719       0      0    104137         0         0             0        0        0       0.17513
117       1 13980  17     48429       0      0    103231         2         0             2        0        0       0.17361
118       1 16481  14     49668       0      0     99121         1         0             1        0        0       0.16669
119       1 54383   3   2162719       0      0     98662         0         0             0        0        0       0.16592
120       1 57193   3   2162719       0      0     96892         0         0             0        0        0       0.16295
121       1  2464  10   2162719       0      0     95614         0         0             0        0        0       0.16080
122       1 17302   8   2162719       0      0     95351         0         0             0        0        0       0.16035
123       1  7021   9   2162719       0      0     95351         0         0             0        0        0       0.16035
124       1 47332   4     84548       0      0     91330         1         0             1        0        0       0.15359
125       1 15906   8   2769053       0      0     87534         0         0             0        0        0       0.14721
126       1 40250   4     84552       0      0     86351         1         0             1        0        0       0.14522
127       1  5813   4    243734       0      0     84392         0         0             0        0        0       0.14192
128       1 49724   1     98905       0      0     82668         0         0             0        0        0       0.13903
129       1 37817   2     41653       0      0     81682         1         0             1        0        0       0.13737
130       1 34720   2    101207       0      0     78040         0         0             0        0        0       0.13124
131       1 23404   5     29724       0      0     75040         2         0             2        0        0       0.12620
132       1 20585   8     49668       0      0     57248         1         0             1        0        0       0.09628
133       1 14019  15     49668       0      0     56180         1         0             1        0        0       0.09448
134       1  7067   6    243734       0      0     55940         0         0             0        0        0       0.09408
135       1 28585   8     84548       0      0     55705         0         0             0        0        0       0.09368
136       1 14020  16     49668       0      0     54912         1         0             1        0        0       0.09235
137       1 38270   4     68520       0      0     54775         0         0             0        0        0       0.09212
138       1 16107   5    506327       0      0     51775         0         0             0        0        0       0.08707
139       1 21015  14     42189       0      0     47577         1         0             1        0        0       0.08001
140       1 20957  17     42270       0      0     45476         1         0             1        0        0       0.07648
141       1 21999  14     42185       0      0     43916         1         0             1        0        0       0.07385
142       1 16032  13     42270       0      0     42695         1         0             1        0        0       0.07180
143       1 43217   1     42270       0      0     42306         1         0             1        0        0       0.07115
144       1 30495   1     51896       0      0     40435         0         0             0        0        0       0.06800
145       1 38637   3     56891       0      0     34772         0         0             0        0        0       0.05848
146       1 26460   6     84540       0      0     34561         0         0             0        0        0       0.05812
147       1 16739  16     84540       0      0     34463         0         0             0        0        0       0.05796
148       1  2439  24     84540       0      0     34152         0         0             0        0        0       0.05743
149       1 26421   5     84540       0      0     34124         0         0             0        0        0       0.05739
150       1 30789   6     84540       0      0     33870         0         0             0        0        0       0.05696
151       1 39320   5     56877       0      0     30790         0         0             0        0        0       0.05178
152       1 24485   8     42185       0      0     30577         0         0             0        0        0       0.05142
153       1 23152   8     42185       0      0     30442         0         0             0        0        0       0.05120
154       1 23155   5     42185       0      0     30442         0         0             0        0        0       0.05120
155       1 23154   5     42185       0      0     30442         0         0             0        0        0       0.05120
156       1 23153   5     42185       0      0     30442         0         0             0        0        0       0.05120
157       1 35719   3     42185       0      0     30442         0         0             0        0        0       0.05120
158       1 21020   6     42189       0      0     29517         0         0             0        0        0       0.04964
159       1 21019   6     42189       0      0     29517         0         0             0        0        0       0.04964
160       1  2580  12     56883       0      0     28530         0         0             0        0        0       0.04798
161       1  7716   6    137800       0      0     28344         0         0             0        0        0       0.04767
162       1 24165   3     42270       0      0     28252         0         0             0        0        0       0.04751
163       1 27257   5     32932       0      0     26747         0         0             0        0        0       0.04498
164       1 26645   7     28583       0      0     24527         0         0             0        0        0       0.04125
165       1 37833   2     84455       0      0     21311         0         0             0        0        0       0.03584
166       1 20619   6     59178       0      0     18016         0         0             0        0        0       0.03030
167       1 20212  11     28583       0      0     17031         0         0             0        0        0       0.02864
168       1 30788   5      4561      52     52     16487         3         4             3        0        0       0.02773
169       1 20666   6     29721       0      0     16049         0         0             0        0        0       0.02699
170       1 51578   1     56881       0      0     15434         0         0             0        0        0       0.02596
171       1 42892   3     41887       0      0     14691         0         0             0        0        0       0.02471
172       1 30783   4      2295       0      0     14428         6         0             6        0        0       0.02426
173       1 30784   4      2295       0      0     14328         6         0             6        0        0       0.02410
174       1 10195  13      2956       0      0     13746         4         0             4        0        0       0.02312
175       1  3694  14      2956       0      0     13445         4         0             4        0        0       0.02261
176       1  2278  36      2956       0      0     13354         4         0             4        0        0       0.02246
177       1 29394   8     49668       0      0     12708         0         0             0        0        0       0.02137
178       1 46495   4      3045       0      0     12643         4         0             4        0        0       0.02126
179       1 61686   1      2956       0      0     12430         4         0             4        0        0       0.02090
180       1 25276  10      2956       0      0     12430         4         0             4        0        0       0.02090
181       1  7751   4    137800       0      0     12208         0         0             0        0        0       0.02053
182       1 24161   3     42272       0      0     11210         0         0             0        0        0       0.01885
183       1 16523  12     42181       0      0     10830         0         0             0        0        0       0.01821
184       1 26082   6     42181       0      0     10830         0         0             0        0        0       0.01821
185       1 38035   2     42181       0      0     10830         0         0             0        0        0       0.01821
186       1 17560  15     42181       0      0     10798         0         0             0        0        0       0.01816
187       1 18331  11     42272       0      0     10625         0         0             0        0        0       0.01787
188       1 15468  18     10539       0      0     10498         0         0             0        0        0       0.01765
189       1 17548  16     42270       0      0     10408         0         0             0        0        0       0.01750
190       1 13823  14     42270       0      0     10290         0         0             0        0        0       0.01731
191       1 20034  17     42270       0      0     10081         0         0             0        0        0       0.01695
192       1 43547   2      6884       0      0      9951         1         0             1        0        0       0.01673
193       1 20062  13     42185       0      0      9828         0         0             0        0        0       0.01653
194       1 20445  13     42272       0      0      9000         0         0             0        0        0       0.01514
195       1 24423   3       992       0      0      8882         8         0             8        0        0       0.01494
196       1 24424   3       992       0      0      8880         8         0             8        0        0       0.01493
197       1 25064   3       992       0      0      8817         8         0             8        0        0       0.01483
198       1 25807   5     10161       0      0      8799         0         0             0        0        0       0.01480
199       1 41432   2       992       0      0      8768         8         0             8        0        0       0.01475
200       1300012   1       992       0      0      8763         8         0             8        0        0       0.01474
201       1 16192  14       992       0      0      8723         8         0             8        0        0       0.01467
202       1 15907   5    140256       0      0      8403         0         0             0        0        0       0.01413
203       1 51547   2      4921       0      0      8078         1         0             1        0        0       0.01359
204       1300034   1       992       0      0      7968         8         0             8        0        0       0.01340
205       1 41383   2       992       0      0      7841         7         0             7        0        0       0.01319
206       1 20641   7       992       0      0      7818         7         0             7        0        0       0.01315
207       1 37968   1      4986       0      0      6692         1         0             1        0        0       0.01125
208       1 16383  11     77594       0      0      6671         0         0             0        0        0       0.01122
209       1 31772   3      1478       0      0      6251         4         0             4        0        0       0.01051
210       1 15188  10      3280       0      0      5959         1         0             1        0        0       0.01002
211       1 15578  10      2230    2220   2220      5803         2         2             0        0        0       0.00976
212       1 38667   3       720       0      0      5609         7         0             7        0        0       0.00943
213       1 38368   5       360       0      0      5454        15         0            15        0        0       0.00917
214       1 38369   4       360       0      0      5446        15         0            15        0        0       0.00916
215       1 38394   4       716       0      0      5256         7         0             7        0        0       0.00884
216       1  3547   8      3146       0      0      4926         1         0             1        0        0       0.00828
217       1 62254   1       992       0      0      4791         4         0             4        0        0       0.00806
218       1 15258  10      1037       0      0      4579         4         0             4        0        0       0.00770
219       1 18293   9      1037       0      0      4570         4         0             4        0        0       0.00769
220       1 12360  11      1037       0      0      4408         4         0             4        0        0       0.00741
221       1  7715   4     15990       0      0      4271         0         0             0        0        0       0.00718
222       1 17050   8      1037       0      0      4043         3         0             3        0        0       0.00680
223       1 20640   8      1037       0      0      4033         3         0             3        0        0       0.00678
224       1 62574   1      2956       0      0      3911         1         0             1        0        0       0.00658
225       1300021   1      4984       0      0      3738         0         0             0        0        0       0.00629
226       1 52625   1     34292       0      0      3566         0         0             0        0        0       0.00600
227       1 52626   1     34292       0      0      3565         0         0             0        0        0       0.00600
228       1 29896   2      2576       0      0      3559         1         0             1        0        0       0.00599
229       1 34318   5       992       0      0      3539         3         0             3        0        0       0.00595
230       1 63304   1       992       0      0      3431         3         0             3        0        0       0.00577
231       1  7072   7     13315       0      0      3112         0         0             0        0        0       0.00523
232       1 26342   3      1275       0      0      3014         2         0             2        0        0       0.00507
233       1 38341   5       720       0      0      2986         4         0             4        0        0       0.00502
234       1 61477   1       992       0      0      2961         2         0             2        0        0       0.00498
235       1 24072   5      5733       0      0      2868         0         0             0        0        0       0.00482
236       1  6298   5     40455       0      0      2774         0         0             0        0        0       0.00467
237       1 16106   4     40455       0      0      2774         0         0             0        0        0       0.00467
238       1 49414   1       992       0      0      2644         2         0             2        0        0       0.00445
239       1 49415   1       992       0      0      2631         2         0             2        0        0       0.00442
240       1 27865   7      1037       0      0      2542         2         0             2        0        0       0.00427
241       1 30513   8      1397       0      0      2429         1         0             1        0        0       0.00408
242       1 21754   9      7897       0      0      2287         0         0             0        0        0       0.00385
243       1 27144   3      2154       0      0      2273         1         0             1        0        0       0.00382
244       1 39908   8      1288       0      0      2232         1         0             1        0        0       0.00375
245       1 28040   2       992       0      0      2197         2         0             2        0        0       0.00369
246       1 30523   9      1397       0      0      2187         1         0             0        0        0       0.00368
247       1 44171   2       992       0      0      2150         2         0             2        0        0       0.00362
248       1 17645   9       372       0      0      1707         4         0             4        0        0       0.00287
249       1 41889   4       178       0      0      1422         7         0             0        0        0       0.00239
250       1 41883   1       178       0      0      1376         7         0             0        0        0       0.00231
251       1 60910   3      1045       0      0      1332         1         0             1        0        0       0.00224
252       1 36377   2       376       0      0      1227         3         0             3        0        0       0.00206
253       1 12242   5     19046       0      0      1224         0         0             0        0        0       0.00206
254       1 17218   6       191       0      0      1178         6         0             6        0        0       0.00198
255       1 40521   7       106       0      0      1128        10         0            10        0        0       0.00190
256       1 41771  19      1031    1031   1031      1103         1         1             0        0        0       0.00185
257       1  3548   8      3451       0      0      1102         0         0             0        0        0       0.00185
258       1 49515   2       130       0      0      1038         7         0             7        0        0       0.00175
259       1  5815   4     13320       0      0      1037         0         0             0        0        0       0.00174
260       1 21394   5       180       0      0       995         5         0             5        0        0       0.00167
261       1 19760   9       992       0      0       976         0         0             0        0        0       0.00164
262       1 34027   3      6061       0      0       968         0         0             0        0        0       0.00163
263       1 19240  11        89       0      0       959        10         0            10        0        0       0.00161
264       1 21240   8       838       0      0       952         1         0             1        0        0       0.00160
265       1 41853   5       258       0      0       851         3         0             3        0        0       0.00143
266       1 30517  11      2295       0      0       850         0         0             0        0        0       0.00143
267       1 23408   6       461       0      0       817         1         0             1        0        0       0.00137
268       1 41887   1        93       0      0       789         8         0             8        0        0       0.00133
269       1 49513   2        86       0      0       776         9         0             9        0        0       0.00131
270       1 43930   3      1037       0      0       755         0         0             0        0        0       0.00127
271       1  7601   5      1402       0      0       716         0         0             0        0        0       0.00120
272       1   306  13      2238       0      0       711         0         0             0        0        0       0.00120
273       1 42017   2       360       0      0       666         1         0             1        0        0       0.00112
274       1 21613  16      1215       0      0       661         0         0             0        0        0       0.00111
275       1  8416  20        89       0      0       599         6         0             6        0        0       0.00101
276       1 37654   2     18158       0      0       571         0         0             0        0        0       0.00096
277       1 16724   7     18158       0      0       571         0         0             0        0        0       0.00096
278       1 49178   2        89       0      0       555         6         0             6        0        0       0.00093
279       1  4638   6     11808       0      0       545         0         0             0        0        0       0.00092
280       1 31614   4       306       0      0       528         1         0             1        0        0       0.00089
281       1 26683   2       277       0      0       519         1         0             1        0        0       0.00087
282       1 20276   9        89       0      0       508         5         0             5        0        0       0.00085
283       1 62626   1     10297       0      0       495         0         0             0        0        0       0.00083
284       1 41908   1        54       0      0       491         9         0             9        0        0       0.00083
285       1 25314   8     18272       0      0       459         0         0             0        0        0       0.00077
286       1 51037   1     18272       0      0       459         0         0             0        0        0       0.00077
287       1 13287  13     18272       0      0       459         0         0             0        0        0       0.00077
288       1 12147   7      1857       0      0       454         0         0             0        0        0       0.00076
289       1 34802   2      9159       0      0       452         0         0             0        0        0       0.00076
290       1 34290   2       277       0      0       444         1         0             1        0        0       0.00075
291       1 25124   3       178       0      0       430         2         0             2        0        0       0.00072
292       1 45477   3      1168       0      0       366         0         0             0        0        0       0.00062
293       1 33799   6      1096       0      0       365         0         0             0        0        0       0.00061
294       1 24662   7        89       0      0       321         3         0             3        0        0       0.00054
295       1 63806   1       147       0      0       318         2         0             2        0        0       0.00053
296       1 19039   6      4083       0      0       304         0         0             0        0        0       0.00051
297       1 15541  19        89       0      0       298         3         0             3        0        0       0.00050
298       1 23151   7        89       0      0       298         3         0             3        0        0       0.00050
299       1 41353   1        89       0      0       297         3         0             3        0        0       0.00050
300       1 51334   1       186       0      0       288         1         0             1        0        0       0.00048
301       1 51333   1       372       0      0       279         0         0             0        0        0       0.00047
302       1 28311   2       178       0      0       216         1         0             1        0        0       0.00036
303       1 28319   2       178       0      0       216         1         0             1        0        0       0.00036
304       1 28321   2       178       0      0       216         1         0             1        0        0       0.00036
305       1 28318   2       178       0      0       216         1         0             1        0        0       0.00036
306       1 28313   2       178       0      0       216         1         0             1        0        0       0.00036
307       1 28315   6       178       0      0       216         1         0             1        0        0       0.00036
308       1  5712  17       178       0      0       209         1         0             1        0        0       0.00035
309       1 37419   2       786       0      0       194         0         0             0        0        0       0.00033
310       1 42806   3       159       0      0       162         1         0             1        0        0       0.00027
311       1  6414  16        70       0      0       159         2         0             2        0        0       0.00027
312       1 25865   3       172       0      0       152         0         0             0        0        0       0.00026
313       1 26644   4       214       1      0       143         0        26             0        0        0       0.00024
314       1 47820   2       214       0      0       137         0         0             0        0        0       0.00023
315       1 16361  10       178       0      0       134         0         0             0        0        0       0.00023
316       1  3685  14       178       0      0       134         0         0             0        0        0       0.00023
317       1  2671  18       178       0      0       134         0         0             0        0        0       0.00023
318       1 46711   2       178       0      0       134         0         0             0        0        0       0.00023
319       1  7606   4       554       0      0       134         0         0             0        0        0       0.00023
320       1 43058   2       461       0      0       125         0         0             0        0        0       0.00021
321       1 21343   8        45       0      0       120         2         0             2        0        0       0.00020
322       1 31218   2       144       0      0       120         0         0             0        0        0       0.00020
323       1 36096   2       206       0      0       119         0         0             0        0        0       0.00020
324       1 40843   3       331       0      0       117         0         0             0        0        0       0.00020
325       1 10997   9       276       0      0       115         0         0             0        0        0       0.00019
326       1 20734  16       374       0      0       107         0         0             0        0        0       0.00018
327       1 37916   5       190       0      0       104         0         0             0        0        0       0.00017
328       1 40062   1       167       0      0        94         0         0             0        0        0       0.00016
329       1 20583   7        10       0      0        91         9         0             9        0        0       0.00015
330       1 17380  23        11      11      0        88         8         8             0        0        0       0.00015
331       1 33783   6       392       0      0        83         0         0             0        0        0       0.00014
332       1 41524   4       205       0      0        83         0         0             0        0        0       0.00014
333       1 37026   6       232       0      0        78         0         0             0        0        0       0.00013
334       1 41534   4       194       0      0        74         0         0             0        0        0       0.00012
335       1 33778   6       187       0      0        74         0         0             0        0        0       0.00012
336       1 13509   8       182       0      0        74         0         0             0        0        0       0.00012
337       1 33779   5       189       0      0        74         0         0             0        0        0       0.00012
338       1 53378   1         1       0      0        72        72         0            60        0        0       0.00012
339       1 40188   3       218       0      0        72         0         0             0        0        0       0.00012
340       1 49514   2         6       0      0        71        11         0            11        0        0       0.00012
341       1 53376   1         1       0      0        71        71         0            59        0        0       0.00012
342       1 41907   5       212       0      0        70         0         0             0        0        0       0.00012
343       1 33777   6       163       0      0        67         0         0             0        0        0       0.00011
344       1 33780   6       182       0      0        67         0         0             0        0        0       0.00011
345       1 33781   6       192       0      0        66         0         0             0        0        0       0.00011
346       1 18997   7      1654       0      0        66         0         0             0        0        0       0.00011
347       1 40520   6         8       0      0        66         8         0             8        0        0       0.00011
348       1 21021   6       275       0      0        66         0         0             0        0        0       0.00011
349       1 37913   5       200       0      0        65         0         0             0        0        0       0.00011
350       1 37912   5       198       0      0        65         0         0             0        0        0       0.00011
351       1 40186   3       200       0      0        65         0         0             0        0        0       0.00011
352       1 53377   1         1       0      0        64        64         0            52        0        0       0.00011
353       1 40519   6         6       0      0        63        10         0            10        0        0       0.00011
354       1 37025   6       169       0      0        63         0         0             0        0        0       0.00011
355       1 37915   5       190       0      0        62         0         0             0        0        0       0.00010
356       1 33797   6       185       0      0        62         0         0             0        0        0       0.00010
357       1 33796   6       178       0      0        61         0         0             0        0        0       0.00010
358       1 40187   3       190       0      0        61         0         0             0        0        0       0.00010
359       1 33784   6       178       0      0        59         0         0             0        0        0       0.00010
360       1 33795   6       178       0      0        59         0         0             0        0        0       0.00010
361       1 16218  10       992       0      0        59         0         0             0        0        0       0.00010
362       1 33794   6       170       0      0        57         0         0             0        0        0       0.00010
363       1 33798   6       164       0      0        57         0         0             0        0        0       0.00010
364       1 43388   4         5       0      0        56        11         0            11        0        0       0.00009
365       1 37914   5       168       0      0        55         0         0             0        0        0       0.00009
366       1 61150   2        22       0      0        55         2         0             2        0        0       0.00009
367       1 33800   6       164       0      0        53         0         0             0        0        0       0.00009
368       1 31484   3         1       1      0        51        51        22             0        0        0       0.00009
369       1  6285   4       195       0      0        51         0         0             0        0        0       0.00009
370       4   128   1       101       0      0        51         0         0             0        0        0       0.00009
371       1 40046   3        35       0      0        50         1         0             1        0        0       0.00008
372       1 26459   4       211       0      0        50         0         0             0        0        0       0.00008
373       1  2577  10         5       0      0        48         9         0             9        0        0       0.00008
374       1 33782   6       145       0      0        47         0         0             0        0        0       0.00008
375       1 62526   1         5       0      0        47         9         0             9        0        0       0.00008
376       1 36814   5       591       0      0        43         0         0             0        0        0       0.00007
377       1 18487   9       591       0      0        43         0         0             0        0        0       0.00007
378       1 31482   3         1       0      0        41        41         0            29        0        0       0.00007
379       1 31483   3         1       0      0        41        41         0            29        0        0       0.00007
380       1 59597   1         3       0      0        36        12         0            12        0        0       0.00006
381       1 44720   2       383       0      0        35         0         0             0        0        0       0.00006
382       1 44716   2       383       0      0        35         0         0             0        0        0       0.00006
383       1 65072   1        36       0      0        35         0         0             0        0        0       0.00006
384       1 24159   3       120       0      0        34         0         0             0        0        0       0.00006
385       1 26923   3         8       0      0        34         4         0             4        0        0       0.00006
386       1 43985   3        16       0      0        33         2         0             2        0        0       0.00006
387       1 44308   1       776       0      0        32         0         0             0        0        0       0.00005
388       1 44309   1       776       0      0        32         0         0             0        0        0       0.00005
389       1 43100   2       253       0      0        32         0         0             0        0        0       0.00005
390       1 27199   2         7       0      0        32         4         0             4        0        0       0.00005
391       1 57552   1        17       0      0        31         1         0             1        0        0       0.00005
392       1 40550   2         4       0      0        31         7         0             7        0        0       0.00005
393       1 26479   6       335       0      0        27         0         0             0        0        0       0.00005
394       1 21775   5        93       0      0        27         0         0             0        0        0       0.00005
395       1 47030   1      1725       0      0        27         0         0             0        0        0       0.00005
396       1 44694   3        94       0      0        25         0         0             0        0        0       0.00004
397       1 16606  14         3       0      0        25         8         0             8        0        0       0.00004
398       1 39686   3         4       0      0        25         6         0             6        0        0       0.00004
399       1 42894   6         4       0      0        24         6         0             6        0        0       0.00004
400       1 21261   6        16       0      0        24         1         0             1        0        0       0.00004
401       1 30787   5         4       0      0        23         5         0             5        0        0       0.00004
402       1 26209   7        89       0      0        22         0         0             0        0        0       0.00004
403       1 58239   2         1       0      0        22        22         0            22        0        0       0.00004
404       1 17906   7        12       0      0        22         1         0             1        0        0       0.00004
405       1 19869   7         6       0      0        21         3         0             3        0        0       0.00004
406       1  7636   6       290       0      0        21         0         0             0        0        0       0.00004
407       1 51353   1         1       0      0        20        20         0            20        0        0       0.00003
408       1 51344   1         1       0      0        20        20         0            20        0        0       0.00003
409       1 30781   5         2       0      0        20        10         0            10        0        0       0.00003
410       1 30782   4         2       0      0        20        10         0            10        0        0       0.00003
411       1 31401   4         8       0      0        20         2         0             2        0        0       0.00003
412       1 47821   2         3       0      0        20         6         0             6        0        0       0.00003
413       1 29719   3         4       0      0        20         5         0             5        0        0       0.00003
414       1 31217   4         6       0      0        20         3         0             3        0        0       0.00003
415       1 38575   7         3       0      0        19         6         0             6        0        0       0.00003
416       1 63536   1         4       0      0        19         4         0             4        0        0       0.00003
417       1 33561   2         3       0      0        19         6         0             6        0        0       0.00003
418       1 19479   7        16       0      0        18         1         0             1        0        0       0.00003
419       1 18973   9         4       0      0        18         4         0             4        0        0       0.00003
420       1 53264   2       206       0      0        18         0         0             0        0        0       0.00003
421       1  3486  11         3       0      0        18         6         0             6        0        0       0.00003
422       1 39497   4         4       0      0        18         4         0             4        0        0       0.00003
423       1300031   1        15       0      0        17         1         0             1        0        0       0.00003
424       1 33788   5         3       0      0        16         5         0             5        0        0       0.00003
425       1 40979   8         2       2      0        16         8         8             0        0        0       0.00003
426       1 20649  10         8       0      0        16         2         0             2        0        0       0.00003
427       1 32412   4         2       0      0        16         8         0             8        0        0       0.00003
428       1 17750  15         1       0      0        16        16         0            16        0        0       0.00003
429       1 32419   4         1       0      0        16        16         0            16        0        0       0.00003
430       1 31179   5         2       0      0        15         7         0             7        0        0       0.00003
431       1300439   1       187       0      0        14         0         0             0        0        0       0.00002
432       1 40061   1       167       0      0        14         0         0             0        0        0       0.00002
433       1 33785   6         1       0      0        14        14         0            14        0        0       0.00002
434       1 32382   6         3       0      0        14         4         0             4        0        0       0.00002
435       1 51350   1         2       0      0        14         7         0             7        0        0       0.00002
436       1 60855   1         4       0      0        14         3         0             3        0        0       0.00002
437       1 26787   6         8       0      0        13         1         0             1        0        0       0.00002
438       1 25639   7         8       0      0        13         1         0             1        0        0       0.00002
439       1 49186   1         4       0      0        13         3         0             3        0        0       0.00002
440       1  7795   4        20       0      0        13         0         0             0        0        0       0.00002
441       1 44015   2       210       0      0        13         0         0             0        0        0       0.00002
442       1 43692   2       221       0      0        13         0         0             0        0        0       0.00002
443       1 31400   4         6       0      0        12         2         0             2        0        0       0.00002
444       1  6312   5        13       0      0        11         0         0             0        0        0       0.00002
445       1 33792   5         1       0      0        11        11         0            11        0        0       0.00002
446       1300438   1       187       0      0        11         0         0             0        0        0       0.00002
447       1 12300   5       188       0      0        11         0         0             0        0        0       0.00002
448       1 33664   2         3       0      0        11         3         0             3        0        0       0.00002
449       1 38642   3         2       0      0        11         5         0             5        0        0       0.00002
450       1300007   2         4       0      0        11         2         0             2        0        0       0.00002
451       1 30326   4       181       0      0        11         0         0             0        0        0       0.00002
452       1  2002  18         2       0      0        11         5         0             5        0        0       0.00002
453       1 15490  10       167       0      0        11         0         0             0        0        0       0.00002
454       1 12299   5       170       0      0        10         0         0             0        0        0       0.00002
455       1 33789   5         1       0      0        10        10         0            10        0        0       0.00002
456       1 20439   6         1       0      0        10        10         0             1        0        0       0.00002
457       1 33793   5         1       0      0        10        10         0            10        0        0       0.00002
458       1 44307   2         5       0      0        10         2         0             2        0        0       0.00002
459       1 33787   5         4       0      0        10         2         0             2        0        0       0.00002
460       1  7604   4        36       0      0        10         0         0             0        0        0       0.00002
461       1300147   1         8       0      0        10         1         0             1        0        0       0.00002
462       1 19439  10         5       0      0         9         1         0             1        0        0       0.00002
463       1300152   1         8       0      0         9         1         0             1        0        0       0.00002
464       1 32757   4         1       0      0         8         8         0             0        0        0       0.00001
465       1300157   1         8       0      0         8         1         0             1        0        0       0.00001
466       1 32760   4         1       0      0         8         8         0             0        0        0       0.00001
467       1 41818   4         4       0      0         8         2         0             2        0        0       0.00001
468       1 32421   4         1       0      0         8         8         0             8        0        0       0.00001
469       1 33791   5         2       0      0         8         4         0             4        0        0       0.00001
470       1 33786   5         1       0      0         8         8         0             8        0        0       0.00001
471       1 26786   6        38       0      0         7         0         0             0        0        0       0.00001
472       1 25641   4        38       0      0         7         0         0             0        0        0       0.00001
473       1300148   1         6       0      0         7         1         0             1        0        0       0.00001
474       1 31399   4         4       0      0         7         1         0             1        0        0       0.00001
475       1 25518   5         2       0      0         7         3         0             3        0        0       0.00001
476       1 31377   5         3       0      0         6         2         0             2        0        0       0.00001
477       1 51636   3         2       0      0         6         3         0             3        0        0       0.00001
478       1 11266   3        50       0      0         6         0         0             0        0        0       0.00001
479       1 22108  10         6       0      0         6         1         0             1        0        0       0.00001
480       1 25066   4         6       0      0         6         1         0             1        0        0       0.00001
481       1 33790   5         2       0      0         6         3         0             3        0        0       0.00001
482       1300160   1         6       0      0         6         1         0             1        0        0       0.00001
483       1300154   1         6       0      0         6         1         0             1        0        0       0.00001
484       1 60590   1         4       0      0         6         1         0             1        0        0       0.00001
485       4    16   1         9       0      0         6         0         0             0        0        0       0.00001
486       1 12487  10         3       0      0         6         2         0             2        0        0       0.00001
487       1 47505   1         3       0      0         6         2         0             2        0        0       0.00001
488       1 24118   3         2       0      0         5         2         0             2        0        0       0.00001
489       1 39056   2         3       0      0         5         1         0             1        0        0       0.00001
490       1 57288   1         2       0      0         5         2         0             2        0        0       0.00001
491       1 51030   2        45       0      0         5         0         0             0        0        0       0.00001
492       1 19440  10         2       0      0         5         2         0             2        0        0       0.00001
493       1 13512  15         2       0      0         5         2         0             2        0        0       0.00001
494       1 33905   4         1       0      0         5         5         0             5        0        0       0.00001
495       1 22107  10         3       0      0         5         1         0             1        0        0       0.00001
496       1 12146   5         7       0      0         5         0         0             0        0        0       0.00001
497       1 41856   1         2       0      0         5         2         0             2        0        0       0.00001
498       4   112   1         6       0      0         4         0         0             0        0        0       0.00001
499       1 20010   4         3       0      0         4         1         0             1        0        0       0.00001
500       1 24483  13         2       0      0         4         2         0             2        0        0       0.00001
501       1 24627   3        46       0      0         4         0         0             0        0        0       0.00001
502       1 33906   3         1       0      0         4         4         0             4        0        0       0.00001
503       1 24122   3         2       0      0         3         1         0             1        0        0       0.00001
504       1 50456   1         6       0      0         3         0         0             0        0        0       0.00001
505       1 42475   6         2       0      0         3         1         0             1        0        0       0.00001
506       1 24116   3         2       0      0         3         1         0             1        0        0       0.00001
507       1 29800   4        15       0      0         3         0         0             0        0        0       0.00001
508       1 16008  18         8       0      0         3         0         0             0        0        0       0.00001
509       1 20923  11         2       0      0         3         1         0             1        0        0       0.00001
510       1 20921  10         2       0      0         3         1         0             1        0        0       0.00001
511       1 15727  27         2       0      0         3         1         0             1        0        0       0.00001
512       1 20922  11         2       0      0         3         1         0             1        0        0       0.00001
513       1 20151   9         2       0      0         3         1         0             1        0        0       0.00001
514       1  2394   8        15       0      0         3         0         0             0        0        0       0.00001
515       1 20988   8         1       0      0         3         3         0             3        0        0       0.00001
516       1 33806   5         5       0      0         3         0         0             0        0        0       0.00001
517       1 16271  13        16       0      0         3         0         0             0        0        0       0.00001
518       1 17429  16         6       0      0         2         0         0             0        0        0       0.00000
519       1301112   1        15       0      0         2         0         0             0        0        0       0.00000
520       1 38161   1         1       0      0         2         2         0             2        0        0       0.00000
521       1 13516  12         6       0      0         2         0         0             0        0        0       0.00000
522       1  5741  12         4       0      0         2         0         0             0        0        0       0.00000
523       1 57204   1         1       0      0         2         2         0             2        0        0       0.00000
524       1 16734  11         4       0      0         2         0         0             0        0        0       0.00000
525       1 51346   1         1       0      0         2         2         0             2        0        0       0.00000
526       1 51351   1         1       0      0         2         2         0             2        0        0       0.00000
527       1 25570   4         1       0      0         2         2         0             2        0        0       0.00000
528       1 58241   2         1       0      0         2         2         0             2        0        0       0.00000
529       1 40980   8         3       0      0         2         0         0             0        0        0       0.00000
530       1 43351   3         2       0      0         2         1         0             1        0        0       0.00000
531       1 40990   2         3       0      0         2         0         0             0        0        0       0.00000
532       1 41541   1        10       0      0         2         0         0             0        0        0       0.00000
533       1  8428  22         1       0      0         2         2         0             2        0        0       0.00000
534       1 38060   4         1       0      0         2         2         0             2        0        0       0.00000
535       1 44719   2         2       0      0         2         1         0             1        0        0       0.00000
536       1 44718   2         2       0      0         2         1         0             1        0        0       0.00000
537       1 59243   1         1       0      0         1         1         0             1        0        0       0.00000
538       1  1737  15         1       0      0         1         1         0             1        0        0       0.00000
539       1 39905   3         3       0      0         1         0         0             0        0        0       0.00000
540       1 24010   7         2       0      0         1         0         0             0        0        0       0.00000
541       1  6045   6         4       0      0         1         0         0             0        0        0       0.00000
542       1 48277   1         2       0      0         1         0         0             0        0        0       0.00000
543       1 45539   1         2       0      0         1         0         0             0        0        0       0.00000
544       1 32758   4         1       0      0         1         1         0             1        0        0       0.00000
545       1 32755   4         1       0      0         1         1         0             1        0        0       0.00000
546       1 45538   1         2       0      0         1         0         0             0        0        0       0.00000
547       1 32411   4         2       0      0         1         0         0             0        0        0       0.00000
548       1 35345   2         4       0      0         1         0         0             0        0        0       0.00000
549       1 24096   6         2       0      0         1         0         0             0        0        0       0.00000
550       1 30516  11         2       0      0         1         0         0             0        0        0       0.00000
551       1 13925  12         9       0      0         1         0         0             0        0        0       0.00000
552       1  2657  20         1       0      0         1         1         0             1        0        0       0.00000
553       1  2656  22         1       0      0         1         1         0             1        0        0       0.00000
554       1 57173   1         2       0      0         1         0         0             0        0        0       0.00000
555       1 25452   7         2       0      0         1         0         0             0        0        0       0.00000
556       1 43326   2         1       0      0         1         1         0             1        0        0       0.00000
557       1 20437   6         1       0      0         1         1         0             1        0        0       0.00000
558       1 21773   5         2       0      0         1         0         0             0        0        0       0.00000
559       1 43335   1         2       0      0         1         0         0             0        0        0       0.00000
560       1 19143  16         2       0      0         1         0         0             0        0        0       0.00000
561       1 33600   3         1       0      0         1         1         0             1        0        0       0.00000
562       1 40773   4         2       0      0         1         0         0             0        0        0       0.00000
563       1 33804   5         2       0      0         1         0         0             0        0        0       0.00000
564       1  6091   4         3       0      0         1         0         0             0        0        0       0.00000
565       1 26391   4         1       0      0         1         1         0             1        0        0       0.00000
566       4   218   1         1       0      0         1         1         0             1        0        0       0.00000
567       1 33803   5         2       0      0         1         0         0             0        0        0       0.00000
568       1 33805   5         2       0      0         1         0         0             0        0        0       0.00000
569       1 23214   7        18       0      0         0         0         0             0        0        0       0.00000
570       1 57808   1         3       0      0         0         0         0             0        0        0       0.00000
571       1 33801   5         1       0      0         0         0         0             0        0        0       0.00000
572       1 12039   6        11       0      0         0         0         0             0        0        0       0.00000
573       4   103   1         1       0      0         0         0         0             0        0        0       0.00000
574       1 33802   5         2       0      0         0         0         0             0        0        0       0.00000
575       1  6310   5         1       0      0         0         0         0             0        0        0       0.00000
576       1 38367   2         7       0      0         0         0         0             0        0        0       0.00000
577       1 32405   4         2       0      0         0         0         0             0        0        0       0.00000
578       1 32404   4         2       0      0         0         0         0             0        0        0       0.00000
579       1 35763   3         1       0      0         0         0         0             0        0        0       0.00000
580       1 35764   3         1       0      0         0         0         0             0        0        0       0.00000
581       1 62976   1         6       0      0         0         0         0             0        0        0       0.00000
582       1 23215   6        10       0      0         0         0         0             0        0        0       0.00000
583       1 32005   8         6       0      0         0         0         0             0        0        0       0.00000
584       1  6092   6         3       0      0         0         0         0             0        0        0       0.00000
585       1 17662  13         2       0      0         0         0         0             0        0        0       0.00000
586       1 12377   5         2       0      0         0         0         0             0        0        0       0.00000
587       1 41542   1         1       0      0         0         0         0             0        0        0       0.00000
588       1  7697   5         2       0      0         0         0         0             0        0        0       0.00000
589       1  6014   7         2       0      0         0         0         0             0        0        0       0.00000
590       1 24097   6         2       0      0         0         0         0             0        0        0       0.00000
591       1  6094   6         1       0      0         0         0         0             0        0        0       0.00000
592       1  6093   4         1       0      0         0         0         0             0        0        0       0.00000
593       1  7101   7         1       0      0         0         0         0             0        0        0       0.00000
o")~   Snort exiting
